บร
30 10
1 1 1 1 1 1 1 1 1 1 1 1 1 1 1 1 1 1 1 1 1 1 1 1 1 1 1 1 1 1 
1 0 0 0 2 2 9 9 9 9 9 9 9 9 9 9 2 2 0 0 0 0 0 2 0 0 0 10 9 1 
1 0 0 0 2 2 9 10 10 10 10 10 10 10 10 9 2 2 0 0 0 0 0 1 0 0 0 0 0 1 
1 0 0 0 2 2 9 11 11 11 11 11 11 11 11 9 2 2 0 0 0 0 0 1 0 0 0 0 0 1 
1 0 0 0 2 2 2 2 2 2 2 2 2 2 2 2 2 2 0 0 0 0 0 1 1 1 1 1 2 1 
1 0 0 0 2 2 2 2 2 2 2 2 2 2 2 2 2 2 0 0 0 0 0 1 1 1 1 1 2 1 
1 0 0 0 2 2 9 11 11 11 11 11 11 11 11 9 2 2 0 0 0 0 0 1 0 0 0 0 0 1 
1 0 0 0 2 2 9 10 10 10 10 10 10 10 10 9 2 2 0 0 0 0 0 1 0 0 0 0 0 1 
1 0 0 0 2 2 9 9 9 9 9 9 9 9 9 9 2 2 0 0 0 0 0 2 0 0 0 11 9 1 
1 1 1 1 1 1 1 1 1 1 1 1 1 1 1 1 1 1 1 1 1 1 1 1 1 1 1 1 1 1 
0
0
