好图
24 15
1 1 1 1 1 1 1 1 1 1 1 1 1 1 1 1 1 1 1 1 1 1 1 1 
1 0 0 0 0 1 0 0 0 0 0 0 0 0 0 0 0 0 0 0 0 0 0 1 
1 0 0 0 0 1 0 0 0 0 0 0 0 0 0 0 0 0 0 0 0 0 0 1 
1 0 0 0 0 1 0 0 0 0 0 0 0 0 0 0 0 0 0 0 0 0 0 1 
1 1 1 1 2 1 0 0 0 0 0 0 0 0 0 0 0 0 0 0 0 0 0 1 
1 0 0 0 0 9 0 0 0 1 1 1 1 1 1 1 1 1 1 1 0 0 0 1 
1 0 0 0 0 9 0 0 0 0 0 0 0 0 0 0 0 0 0 0 0 0 0 1 
1 0 0 0 0 9 0 0 0 0 0 0 0 0 0 0 0 0 0 0 0 0 0 1 
1 0 0 0 0 9 0 0 0 0 0 0 0 0 0 2 0 2 0 2 0 0 0 1 
1 0 0 0 0 9 0 0 0 0 0 0 0 0 0 0 0 0 0 0 0 0 0 1 
1 0 0 0 0 9 0 0 10 10 10 10 10 0 0 0 0 0 0 0 0 0 0 1 
1 0 0 0 0 9 0 0 10 11 11 11 10 0 0 0 0 0 0 0 0 0 0 1 
1 0 0 0 0 9 0 0 10 10 10 10 10 0 0 0 0 0 0 0 0 0 0 1 
1 0 0 0 0 9 0 0 0 0 0 0 0 0 0 0 0 0 0 0 0 0 0 1 
1 1 1 1 1 1 1 1 1 1 1 1 1 1 1 1 1 1 1 1 1 1 1 1 
4
15 8 1 1 1 1
17 8 1 2 1 1
19 8 1 2 1 13
4 4 2 3 2 4 1 5 0 6 0 
7
无/Null
home.txt
aaa.txt
不知是谁
不对劲!
是谁!
......
